<?xml version="1.0"?>
<opencv_storage>
<calibration_time>"mer. 04 mai 2016 10:08:36 CEST"</calibration_time>
<nr_of_frames>17</nr_of_frames>
<image_width>1080</image_width>
<image_height>1080</image_height>
<board_width>9</board_width>
<board_height>6</board_height>
<square_size>100.</square_size>
<fix_aspect_ratio>1.</fix_aspect_ratio>
<!-- flags: +fix_skew +fix_k2 +fix_k3 +fix_k4 +recompute_extrinsic -->
<flags>234</flags>
<fisheye_model>1</fisheye_model>
<camera_matrix type_id="opencv-matrix">
  <rows>3</rows>
  <cols>3</cols>
  <dt>d</dt>
  <data>
    5.2847889795690969e+02 0. 5.4818230532272821e+02 0.
    5.2797635969706243e+02 5.3091984819393133e+02 0. 0. 1.</data></camera_matrix>
<distortion_coefficients type_id="opencv-matrix">
  <rows>4</rows>
  <cols>1</cols>
  <dt>d</dt>
  <data>
    -3.8820178721606945e-02 0. 0. 0.</data></distortion_coefficients>
<avg_reprojection_error>9.0800573307750032e-01</avg_reprojection_error>
<image_points type_id="opencv-matrix">
  <rows>17</rows>
  <cols>54</cols>
  <dt>"2f"</dt>
  <data>
    5.24735352e+02 4.27342346e+02 5.43660217e+02 4.73705688e+02
    5.62575195e+02 5.20440491e+02 5.80731934e+02 5.66110718e+02
    5.98671326e+02 6.10265625e+02 6.15263550e+02 6.51912598e+02
    6.30851074e+02 6.91058289e+02 6.45325623e+02 7.27498962e+02
    6.58192078e+02 7.60721558e+02 4.80405609e+02 4.46778320e+02
    4.98967377e+02 4.92366180e+02 5.17916199e+02 5.37332275e+02
    5.36476501e+02 5.81606384e+02 5.54766785e+02 6.24217285e+02
    5.71833130e+02 6.64495239e+02 5.88592712e+02 7.01840454e+02
    6.03945007e+02 7.36905151e+02 6.18180054e+02 7.69119690e+02
    4.39891937e+02 4.65667053e+02 4.58394043e+02 5.09378174e+02
    4.76637909e+02 5.52992859e+02 4.95198853e+02 5.95510071e+02
    5.13288452e+02 6.36576416e+02 5.31231201e+02 6.75344482e+02
    5.47947021e+02 7.11615417e+02 5.64493774e+02 7.45336426e+02
    5.79757385e+02 7.76047974e+02 4.03296600e+02 4.83405182e+02
    4.20342133e+02 5.25603210e+02 4.38456665e+02 5.67474243e+02
    4.56862640e+02 6.08183350e+02 4.75417053e+02 6.47172363e+02
    4.93420990e+02 6.84404236e+02 5.10987610e+02 7.19118164e+02
    5.27524109e+02 7.52020264e+02 5.43382263e+02 7.81987488e+02
    3.69460419e+02 4.99782135e+02 3.86777679e+02 5.40087708e+02
    4.04372375e+02 5.79831909e+02 4.22591095e+02 6.18608093e+02
    4.40563599e+02 6.56424561e+02 4.58397858e+02 6.92122620e+02
    4.75496490e+02 7.26524536e+02 4.92384125e+02 7.58243713e+02
    5.07744080e+02 7.88935669e+02 3.40771301e+02 5.14548523e+02
    3.56608215e+02 5.53311157e+02 3.73915222e+02 5.91204895e+02
    3.90423737e+02 6.29202576e+02 4.07791565e+02 6.65516479e+02
    4.24702118e+02 7.00417053e+02 4.42181061e+02 7.33460449e+02
    4.58006744e+02 7.65985596e+02 4.73675507e+02 7.95941284e+02
    5.87696838e+02 3.71937256e+02 6.13046082e+02 4.02717194e+02
    6.38956848e+02 4.35470001e+02 6.65767578e+02 4.69590179e+02
    6.92498474e+02 5.05577881e+02 7.19291138e+02 5.41991211e+02
    7.44824524e+02 5.78938354e+02 7.69725952e+02 6.15445129e+02
    7.92484558e+02 6.50995728e+02 5.63471741e+02 3.99261627e+02
    5.87276550e+02 4.29699036e+02 6.12044617e+02 4.61823608e+02
    6.37177917e+02 4.95255646e+02 6.62989624e+02 5.29557983e+02
    6.88087097e+02 5.64442566e+02 7.12958252e+02 5.99581604e+02
    7.36853821e+02 6.34115662e+02 7.59217957e+02 6.67758545e+02
    5.41612061e+02 4.25659790e+02 5.64681763e+02 4.55025970e+02
    5.87654480e+02 4.86330658e+02 6.11296143e+02 5.18293518e+02
    6.35381897e+02 5.51394592e+02 6.59385010e+02 5.84793762e+02
    6.83140503e+02 6.18161316e+02 7.06340149e+02 6.50901428e+02
    7.28178589e+02 6.82865112e+02 5.22412231e+02 4.49244232e+02
    5.43277527e+02 4.78282898e+02 5.65225952e+02 5.08379272e+02
    5.87650391e+02 5.39224548e+02 6.10812012e+02 5.70673950e+02
    6.33573181e+02 6.02705322e+02 6.56349121e+02 6.34380310e+02
    6.78299072e+02 6.65909973e+02 6.99285461e+02 6.96181213e+02
    5.04527283e+02 4.71247192e+02 5.24952576e+02 4.99237335e+02
    5.45501282e+02 5.28406128e+02 5.67262390e+02 5.57654846e+02
    5.88444275e+02 5.88081726e+02 6.09855835e+02 6.18554138e+02
    6.30793274e+02 6.49298401e+02 6.51671448e+02 6.79456238e+02
    6.71020386e+02 7.09577881e+02 4.89582855e+02 4.91069763e+02
    5.08316620e+02 5.18341797e+02 5.28053589e+02 5.46199829e+02
    5.47268494e+02 5.75004272e+02 5.67064087e+02 6.04320801e+02
    5.86739319e+02 6.34065674e+02 6.06623657e+02 6.63378174e+02
    6.25457947e+02 6.93343323e+02 6.43634888e+02 7.22626221e+02
    5.26940125e+02 4.57949524e+02 5.37271118e+02 4.80963776e+02
    5.47631897e+02 5.04433350e+02 5.58454529e+02 5.28353516e+02
    5.69218506e+02 5.52888000e+02 5.80213379e+02 5.77333923e+02
    5.91206787e+02 6.02080994e+02 6.02260437e+02 6.27172546e+02
    6.13113220e+02 6.52013428e+02 5.03683197e+02 4.69484680e+02
    5.13672546e+02 4.92438599e+02 5.23910706e+02 5.15910767e+02
    5.34344421e+02 5.39763062e+02 5.45016235e+02 5.63993591e+02
    5.55805115e+02 5.88465759e+02 5.66690186e+02 6.13195862e+02
    5.77590942e+02 6.37769470e+02 5.88508057e+02 6.62212158e+02
    4.81424377e+02 4.81182495e+02 4.91166229e+02 5.03912872e+02
    5.00971710e+02 5.27318665e+02 5.11075775e+02 5.50957886e+02
    5.21428223e+02 5.75115112e+02 5.32121155e+02 5.99323975e+02
    5.42698730e+02 6.23529907e+02 5.53571777e+02 6.47775208e+02
    5.64360901e+02 6.72031738e+02 4.59821533e+02 4.92511353e+02
    4.68820923e+02 5.15297180e+02 4.78675964e+02 5.38340637e+02
    4.88441162e+02 5.61912537e+02 4.98826721e+02 5.85533752e+02
    5.09184967e+02 6.09496826e+02 5.19640076e+02 6.33444214e+02
    5.30125183e+02 6.57563354e+02 5.40768188e+02 6.81481628e+02
    4.38900208e+02 5.03584320e+02 4.48092316e+02 5.26203369e+02
    4.57354980e+02 5.49231140e+02 4.67019867e+02 5.72314331e+02
    4.76878601e+02 5.95923401e+02 4.86783203e+02 6.19502380e+02
    4.96698547e+02 6.43343933e+02 5.07247864e+02 6.67130310e+02
    5.16991760e+02 6.90621216e+02 4.19392029e+02 5.14634033e+02
    4.27944275e+02 5.36988525e+02 4.36850708e+02 5.59505188e+02
    4.45785156e+02 5.82416870e+02 4.55265015e+02 6.05506897e+02
    4.64587067e+02 6.29226196e+02 4.74488281e+02 6.52653320e+02
    4.83931824e+02 6.76241272e+02 4.93549438e+02 6.99639343e+02
    6.11239380e+02 5.60637268e+02 6.32672058e+02 5.84705627e+02
    6.54983276e+02 6.09766174e+02 6.77978333e+02 6.36170593e+02
    7.01523376e+02 6.62557373e+02 7.25133972e+02 6.89399048e+02
    7.48737610e+02 7.16453674e+02 7.71839417e+02 7.43389038e+02
    7.94422729e+02 7.70057007e+02 5.90636780e+02 5.85200012e+02
    6.11258911e+02 6.09277588e+02 6.32928162e+02 6.33974121e+02
    6.54794983e+02 6.59714600e+02 6.77594299e+02 6.86295227e+02
    7.00245544e+02 7.12502808e+02 7.22877197e+02 7.38641785e+02
    7.45565063e+02 7.64673157e+02 7.67362671e+02 7.90150269e+02
    5.71895996e+02 6.08162842e+02 5.91852966e+02 6.32147156e+02
    6.12198792e+02 6.56584534e+02 6.33205261e+02 6.81725159e+02
    6.54622253e+02 7.07548706e+02 6.76581116e+02 7.33429810e+02
    6.98422546e+02 7.58787720e+02 7.20127502e+02 7.84285645e+02
    7.41417053e+02 8.08786621e+02 5.54545959e+02 6.29470520e+02
    5.72992676e+02 6.53333252e+02 5.92597961e+02 6.77528687e+02
    6.12753540e+02 7.02208374e+02 6.33586060e+02 7.27190186e+02
    6.54610779e+02 7.52326904e+02 6.75540222e+02 7.76905884e+02
    6.96205688e+02 8.01870667e+02 7.16556152e+02 8.25431702e+02
    5.37866089e+02 6.49682556e+02 5.56163635e+02 6.72683105e+02
    5.74853516e+02 6.96541443e+02 5.94238281e+02 7.20491516e+02
    6.13722046e+02 7.44882751e+02 6.33572998e+02 7.69435547e+02
    6.53165100e+02 7.93718628e+02 6.73003784e+02 8.17764893e+02
    6.91726074e+02 8.41803833e+02 5.23605652e+02 6.68082092e+02
    5.40560730e+02 6.90793701e+02 5.58387329e+02 7.14065125e+02
    5.75993591e+02 7.37944519e+02 5.94283203e+02 7.61689575e+02
    6.12601501e+02 7.85686401e+02 6.31470947e+02 8.09539001e+02
    6.49437195e+02 8.33678589e+02 6.67407166e+02 8.57485657e+02
